14 0.584375 0.6472222222222223 0.3515625 0.6972222222222222
14 0.0828125 0.7444444444444445 0.165625 0.5027777777777778
14 0.0328125 0.33055555555555555 0.0640625 0.23055555555555557
14 0.0296875 0.42777777777777776 0.0578125 0.225
4 0.1171875 0.19722222222222222 0.234375 0.2638888888888889
14 0.1328125 0.31666666666666665 0.140625 0.2361111111111111
14 0.209375 0.4361111111111111 0.2765625 0.4222222222222222
14 0.3953125 0.35833333333333334 0.1578125 0.28888888888888886
14 0.3390625 0.21666666666666667 0.1234375 0.03888888888888889
14 0.4421875 0.2777777777777778 0.0828125 0.16111111111111112
5 0.5078125 0.21944444444444444 0.0796875 0.08055555555555556
14 0.58125 0.25 0.0859375 0.125
14 0.6609375 0.2777777777777778 0.1390625 0.11944444444444445
14 0.81875 0.3861111111111111 0.1515625 0.30277777777777776
14 0.746875 0.26666666666666666 0.078125 0.15
14 0.9625 0.3527777777777778 0.065625 0.25
14 0.88125 0.2833333333333333 0.075 0.17777777777777778
16 0.615625 0.175 0.084375 0.05277777777777778
14 0.459375 0.18333333333333332 0.053125 0.05
14 0.534375 0.1638888888888889 0.05625 0.03611111111111111
12 0.334375 0.17222222222222222 0.0328125 0.058333333333333334
14 0.659375 0.20833333333333334 0.0578125 0.04722222222222222
14 0.684375 0.20833333333333334 0.05 0.06388888888888888
14 0.7921875 0.20277777777777778 0.05 0.041666666666666664
5 0.9375 0.21666666666666667 0.0328125 0.06388888888888888
5 0.9765625 0.20833333333333334 0.0453125 0.06388888888888888