10 0.896875 0.5222222222222223 0.0890625 0.09444444444444444
14 0.8140625 0.46111111111111114 0.0515625 0.06388888888888888
14 0.7515625 0.4722222222222222 0.0625 0.07222222222222222
12 0.9765625 0.4527777777777778 0.0265625 0.05555555555555555
14 0.703125 0.4638888888888889 0.034375 0.05555555555555555
14 0.6390625 0.4638888888888889 0.046875 0.05
14 0.590625 0.4666666666666667 0.0421875 0.05277777777777778
14 0.55625 0.4666666666666667 0.028125 0.05277777777777778
14 0.528125 0.4722222222222222 0.0375 0.06111111111111111
5 0.475 0.4861111111111111 0.06875 0.07222222222222222
5 0.415625 0.4722222222222222 0.0421875 0.06111111111111111
10 0.384375 0.4861111111111111 0.034375 0.03333333333333333
14 0.30625 0.45555555555555555 0.03125 0.016666666666666666
14 0.340625 0.4638888888888889 0.028125 0.03888888888888889
5 0.2515625 0.5444444444444444 0.2109375 0.14444444444444443