14 0.115625 0.625 0.2296875 0.5555555555555556
5 0.8171875 0.6444444444444445 0.35625 0.5972222222222222
9 0.3796875 0.4666666666666667 0.2296875 0.18888888888888888
16 0.2453125 0.4666666666666667 0.1984375 0.2
5 0.6125 0.4305555555555556 0.0625 0.06666666666666667
12 0.7140625 0.44166666666666665 0.053125 0.1361111111111111
12 0.81875 0.4388888888888889 0.115625 0.16111111111111112
12 0.76875 0.44166666666666665 0.0421875 0.1527777777777778
4 0.4796875 0.3888888888888889 0.115625 0.11944444444444445
12 0.54375 0.4083333333333333 0.0140625 0.05
12 0.609375 0.39166666666666666 0.0171875 0.025
10 0.696875 0.4111111111111111 0.0140625 0.06388888888888888